+674
+640
+660
+654
+613
+642
+606
+645
+630
+617
+641
+611
+650
+613
+626
+629
+615
+648
+603
+639
+618
+604
+603
+538
+588
+564
+567
+576
+556
+598
+568
+605
+585
+578
+624
+610
+678
+651
+679
+702
+665
+713
+671
+717
+709
+696
+723
+686
+721
+710
+730
+744
+700
+713
+656
+679
+665
+651
+668
+626
+668
+635
+645
+641
+616
+648
+617
+655
+648
+636
+658
+606
+647
+621
+645
+662
+645
+676
+653
+691
+689
+666
+686
+626
+663
+624
+678
-330
-5166
-8672
-8782
-6424
-2602
+343
+1970
+1607
+1123
+1260
+2238
+3647
+4241
+3983
+3746
+4246
+4709
+4631
+4474
+4283
+4462
+5664
+6575
+6861
+6526
+6732
+7314
+7201
+6371
+5254
+4489
+3845
+3065
+2124
+1600
+1411
+837
-164
-1422
-2695
-3512
-3959
-4386
-4626
-4321
-4278
-4513
-4595
-4504
-4294
-4041
-3587
-3261
-2773
-2215
-1932
-1622
-1240
-929
-908
-969
-786
-251
+458
+861
+1154
+1542
+2019
+2697
+3200
+3400
+3346
+3395
+3768
+3974
+3914
+3692
+3324
+2995
+2538
+2032
+1493
+1045
+840
+535
+121
-361
-658
-893
-1066
-1224
-1688
-2031
-2095
-1968
-1845
-1891
-1753
-1680
-1578
-1340
-1170
-886
-505
-195
-201
-90
+358
+786
+1026
+1090
+1330
+1665
+1972
+2197
+2539
+3067
+3468
+3857
+4261
+4628
+4993
+5324
+5731
+6073
+6301
+6472
+6488
+6491
+6471
+6444
+6281
+5927
+5694
+5351
+4975
+4560
+4181
+3892
+3548
+3308
+2844
+2218
+1562
+815
+84
-774
-1517
-2198
-2941
-3706
-4593
-5407
-6120
-6668
-7185
-7735
-8113
-8422
-8502
-8446
-8332
-8181
-8046
-7706
-7417
-7096
-6656
-6141
-5343
-4448
-3504
-2629
-1672
-446
+849
+2245
+3543
+4874
+6360
+7879
+9504
+11026
+12454
+13699
+14765
+15743
+16550
+17353
+17981
+18366
+18385
+17852
+16944
+15684
+14316
+12697
+10695
+8523
+6173
+3835
+1461
-867
-3114
-5217
-6948
-8506
-9771
-10796
-11676
-12398
-13015
-13243
-13165
-12808
-12219
-11422
-10267
-8984
-7489
-5775
-3898
-1844
+197
+2283
+4291
+6379
+8684
+11005
+13281
+15149
+16643
+17651
+18124
+18267
+17911
+17140
+15911
+14265
+12232
+9786
+7234
+4630
+2199
-187
-2549
-4630
-6497
-8032
-9334
-10299
-10848
-11146
-11095
-10843
-10296
-9518
-8608
-7523
-6448
-5161
-3689
-2089
-554
+693
+1808
+2636
+3294
+3788
+4073
+4241
+4079
+3787
+3477
+3288
+3105
+2729
+2307
+1799
+1423
+1239
+1189
+1316
+1455
+1770
+2182
+2705
+3274
+3626
+4081
+4652
+5336
+5917
+6123
+5972
+5310
+4393
+3297
+2065
+790
-574
-1701
-2601
-3282
-3806
-4339
-4752
-5076
-5079
-4810
-4324
-3662
-3027
-2313
-1659
-1002
-247
+511
+1306
+1934
+2340
+2341
+1939
+1353
+600
-118
-866
-1413
-1716
-1914
-1914
-1831
-1533
-1069
-401
+518
+1454
+2436
+3252
+3905
+4441
+4909
+5369
+5506
+5293
+4567
+3357
+1894
+259
-1234
-2587
-3530
-4129
-4582
-4753
-4779
-4540
-4075
-3327
-2343
-1430
-596
-106
+205
+520
+689
+677
+208
-586
-1689
-2937
-3965
-4770
-4981
-4689
-4002
-3000
-1798
-278
+1380
+3324
+5416
+7340
+8945
+9867
+10334
+10247
+9540
+8155
+5963
+3291
+226
-2687
-5067
-6646
-7339
-7409
-6822
-5755
-4188
-2158
+150
+2707
+5083
+7018
+8402
+9155
+9204
+8154
+6046
+2983
-615
-4175
-7205
-9221
-10395
-10662
-10153
-8946
-6963
-4470
-1464
+1714
+4792
+7515
+9762
+11376
+11834
+10976
+8750
+5395
+1503
-2229
-4999
-6849
-7795
-7875
-7176
-5587
-3388
-624
+2343
+5086
+7515
+9406
+10485
+10299
+8734
+5908
+2101
-1857
-5247
-7644
-9059
-9548
-9081
-7765
-5623
-3005
-185
+2505
+4882
+6896
+8042
+8098
+6898
+4460
+1290
-1888
-4271
-5815
-6439
-6164
-5130
-3281
-863
+1945
+4577
+6836
+8679
+9513
+9126
+7302
+4336
+780
-2488
-4742
-6116
-6533
-6109
-4900
-2883
-366
+2357
+4738
+6704
+7937
+7903
+6568
+4060
+1676
+112
-531
-487
-513
-765
-1422
-1989
-2165
-2193
-2126
-2238
-2452
-2683
-2869
-2879
-2917
-2721
-2390
-1933
-1422
-1128
-957
-1044
-1250
-1546
-2063
-2551
-3048
-3324
-3326
-2998
-2314
-1480
-442
+590
+1590
+2499
+3142
+3650
+3884
+4030
+3993
+3697
+3277
+2633
+2052
+1535
+1192
+1037
+969
+1103
+1276
+1546
+1782
+1899
+1912
+1670
+1386
+988
+557
+112
-384
-768
-1170
-1451
-1669
-1801
-1806
-1798
-1656
-1511
-1342
-1175
-1103
-1030
-1098
-1138
-1218
-1294
-1243
-1200
-1051
-893
-636
-306
+25
+449
+765
+1049
+1246
+1347
+1442
+1389
+1347
+1149
+887
+633
+332
+158
-40
-178
-307
-406
-387
-396
-342
-350
-369
-382
-440
-439
-518
-557
-618
-702
-717
-784
-783
-819
-855
-846
-896
-837
-812
-733
-675
-637
-527
-474
-331
-212
-67
+136
+295
+536
+690
+875
+1005
+1047
+1100
+1052
+1019
+912
+780
+677
+537
+484
+398
+392
+419
+432
+521
+512
+563
+568
+534
+507
+384
+288
+111
-35
-201
-388
-498
-642
-681
-730
-728
-694
-722
-665
-643
-552
-471
-436
-352
-382
-378
-418
-446
-407
-412
-357
-399
-401
-344
-301
-190
-189
-136
-137
-141
-138
-203
-178
-245
-276
-301
-349
-301
-264
-146
-92
-47
+46
+58
+124
+131
+163
+144
+35
-16
-135
-191
-284
-396
-476
-617
-649
-746
-805
-851
-940
-947
-1022
-1022
-1007
-1002
-959
-950
-808
-698
-537
-347
-197
+13
+161
+389
+561
+675
+819
+879
+974
+950
+897
+830
+697
+608
+458
+374
+269
+156
+105
+15
-2
-92
-194
-284
-407
-454
-595
-679
-762
-823
-830
-926
-913
-929
-884
-810
-769
-626
-554
-421
-323
-267
-174
-132
-32
-18
-8
+1
-40
-12
-77
-95
-130
-185
-174
-261
-258
-327
-372
-409
-498
-474
-499
-463
-424
-402
-298
-272
-159
-92
-19
+52
+56
+113
+89
+95
+63
-29
-120
-288
-341
-414
-500
-590
-691
-695
-767
-790
-768
-737
-643
-614
-505
-481
-454
-365
-319
-203
-165
-107
-91
-134
-129
-210
-198
-200
-198
-177
-220
-194
-224
-191
-152
-123
-39
-23
+63
+66
+65
+101
+82
+131
+94
+91
+72
+2
+14
-63
-69
-108
-140
-136
-189
-189
-260
-246
-225
-250
-226
-290
-287
-337
-369
-376
-449
-411
-414
-383
-362
-400
-385
-403
-316
-239
-170
-77
-75
-27
-64
-47
-2
-4
+24
-41
-83
-168
-230
-302
-420
-427
-502
-538
-551
-576
-523
-507
-394
-318
-245
-138
-91
+25
+82
+126
+147
+116
+116
+41
+25
-41
-116
-151
-227
-211
-243
-227
-150
-88
+43
+102
+219
+284
+342
+408
+372
+375
+292
+212
+144
+6
-50
-133
-126
-116
-107
-54
-44
+42
+68
+102
+112
+50
+38
-64
-113
-197
-293
-314
-402
-385
-399
-377
-351
-351
-291
-295
-236
-214
-222
-144
-139
-67
-69
-37
+0
-14
+42
+20
+61
+69
+73
+110
+73
+117
+115
+127
+158
+118
+125
+53
+28
-21
-99
-123
-197
-194
-235
-246
-216
-218
-134
-124
-36
+7
+37
+100
+89
+167
+176
+215
+254
+194
+223
+198
+215
+201
+163
+197
+159
+218
+209
+209
+193
+107
+120
+48
+10
-27
-81
-102
-193
-198
-242
-254
-222
-240
-170
-166
-116
-85
-67
+2
-21
-3
-51
-72
-69
-117
-100
-147
-156
-166
-181
-125
-146
-103
-99
-82
-28
-6
+94
+107
+133
+147
+134
+172
+155
+186
+157
+154
+194
+163
+202
+190
+206
+216
+210
+252
+209
+224
+179
+134
+99
-12
-39
-151
-204
-241
-287
-284
-337
-304
-292
-254
-193
-190
-116
-110
-68
-45
-84
-65
-138
-169
-247
-311
-356
-431
-408
-454
-437
-389
-368
-268
-237
-141
-58
+47
+173
+216
+312
+309
+330
+328
+288
+300
+231
+235
+206
+181
+215
+211
+263
+255
+282
+298
+272
+307
+238
+208
+141
+55
+7
-114
-172
-307
-383
-429
-482
-453
-490
-454
-416
-363
-284
-258
-147
-117
-65
-20
-20
+38
-7
+15
-32
-78
-86
-166
-162
-191
-187
-189
-214
-140
-160
-124
-106
-102
-41
-35
+28
+9
+3
+8
-39
-40
-108
-86
-55
-56
-13
-60
-37
-55
-51
-56
-90
-37
-70
-52
-45
-54
-13
-49
-16
-32
-17
+9
-9
+48
+50
+110
+138
+146
+204
+200
+267
+289
+302
+325
+297
+321
+263
+268
+251
+214
+222
+153
+155
+104
+69
+60
+33
+76
+11
+1
-33
-73
-63
-119
-83
-117
-118
-102
-119
-61
-64
-20
-15
-35
-16
-65
-50
-67
-65
-51
-104
-63
-98
-79
-56
-67
-20
-69
-55
-78
-76
-46
-83
-15
-27
+5
+29
+38
+104
+102
+146
+122
+120
+134
+74
+111
+85
+112
+122
+103
+150
+120
+137
+115
+118
+143
+101
+156
+117
+131
+145
+137
+188
+174
+241
+255
+251
+259
+205
+230
+195
+181
+143
+67
+51
-37
-50
-70
-76
-34
-49
-4
-14
+4
+16
+14
+83
+73
+118
+135
+139
+170
+112
+124
+104
+114
+111
+75
+104
+46
+61
+42
+36
+69
+44
+83
+38
+30
+37
-13
-1
-64
-42
-61
-56
-8
-23
+35
+46
+95
+139
+169
+248
+246
+301
+331
+332
+328
+240
+240
+233
+324
+410
+339
+250
+93
+81
+128
+215
+287
+197
+95
-28
-36
+63
+164
+328
+330
+289
+171
+80
+111
+116
+198
+152
+101
-2
-165
-214
-292
-227
-155
-92
-29
-65
-35
-68
-30
+74
+164
+275
