+148
+100
+163
+138
+135
+166
+120
+184
+132
+161
+150
+110
+157
+108
+157
+134
+149
+174
+117
+157
+103
+136
+135
+116
+165
+97
+148
+128
+136
+182
+144
+183
+119
+138
+146
+111
+159
+104
+156
+116
+112
+141
+93
+162
+119
+158
+155
+143
+193
+135
+171
+127
+152
+207
+177
+245
+195
+225
+230
+202
+256
+213
+256
+232
+235
+265
+209
+251
+197
+210
+219
+176
+213
+133
+161
+126
+121
+152
+90
+125
+85
+116
+170
+145
+113
+158
+256
+27
+82
+250
+81
+195
+196
+7
+95
+255
+216
+59
+133
+273
+308
+149
+32
-1125
-2700
-3011
-2660
-1667
-238
+868
+1055
+556
+400
+723
+970
+1243
+1092
+1164
+1403
+1485
+1282
+1087
+1356
+1294
+1467
+1934
+2119
+2581
+2905
+3195
+3303
+3384
+3364
+2631
+2079
+1687
+1247
+804
+391
-182
-834
-1289
-1621
-1919
-2286
-2698
-2728
-2583
-2450
-2308
-2482
-2678
-2564
-2249
-2209
-2312
-2053
-1778
-1583
-1304
-877
-692
-859
-527
-73
+181
+371
+577
+978
+1174
+1573
+1913
+1958
+2043
+2059
+1885
+1750
+2060
+2274
+2140
+2091
+2051
+1973
+1683
+1357
+1115
+864
+817
+626
+376
+84
-312
-502
-711
-847
-968
-1044
-1146
-1467
-1521
-1396
-1184
-1087
-1155
-1048
-965
-706
-496
-401
-221
-62
+258
+460
+667
+856
+1038
+1411
+1594
+1794
+2013
+2238
+2436
+2412
+2476
+2527
+2625
+2636
+2457
+2350
+2212
+2214
+2125
+1906
+1736
+1487
+1347
+1075
+867
+786
+609
+486
+247
+110
-106
-437
-697
-965
-1078
-1322
-1559
-1870
-2213
-2350
-2459
-2517
-2773
-3045
-3101
-3145
-3128
-3256
-3320
-3304
-3301
-3149
-3151
-3066
-2930
-2792
-2620
-2500
-2126
-1779
-1361
-933
-536
+64
+577
+1149
+1720
+2302
+3001
+3572
+4143
+4542
+5004
+5562
+6004
+6410
+6580
+6796
+6971
+7075
+7170
+7029
+6848
+6483
+6022
+5506
+4835
+4152
+3242
+2370
+1471
+520
-348
-1321
-2153
-2968
-3677
-4274
-4836
-5203
-5598
-5916
-6166
-6332
-6303
-6232
-5962
-5675
-5248
-4643
-3987
-3213
-2496
-1570
-613
+282
+1252
+2168
+3216
+4197
+5117
+5904
+6429
+6928
+7188
+7308
+7218
+6945
+6608
+5950
+5274
+4429
+3529
+2657
+1638
+632
-484
-1477
-2365
-3209
-3869
-4524
-4978
-5378
-5633
-5720
-5772
-5551
-5352
-4993
-4545
-3987
-3240
-2545
-1758
-1069
-406
+254
+785
+1365
+1821
+2284
+2674
+2984
+3388
+3635
+3897
+4002
+4023
+4047
+3942
+3930
+3827
+3719
+3583
+3354
+3177
+2867
+2602
+2285
+2007
+1854
+1637
+1472
+1102
+689
+153
-458
-914
-1446
-1894
-2382
-2752
-2942
-3170
-3262
-3478
-3605
-3609
-3573
-3316
-3127
-2832
-2549
-2192
-1770
-1457
-968
-491
+59
+547
+912
+1275
+1467
+1768
+1998
+2186
+2417
+2595
+2885
+3018
+3133
+3196
+3113
+3060
+2859
+2671
+2321
+1874
+1408
+730
+116
-544
-1117
-1679
-2315
-2839
-3422
-3837
-4142
-4307
-4158
-3856
-3308
-2785
-2184
-1514
-873
-123
+505
+1137
+1609
+1902
+2037
+1924
+1799
+1470
+1050
+503
-167
-733
-1287
-1592
-1697
-1528
-1051
-516
+273
+1063
+1943
+2865
+3689
+4495
+4980
+5213
+5088
+4697
+4131
+3158
+2036
+643
-767
-2093
-3228
-3907
-4303
-4271
-3975
-3447
-2627
-1762
-706
+301
+1257
+2013
+2408
+2624
+2419
+1968
+1101
-76
-1321
-2644
-3617
-4287
-4496
-4268
-3729
-2755
-1643
-281
+1165
+2609
+4009
+5021
+5820
+6173
+6043
+5389
+4114
+2562
+716
-957
-2302
-3207
-3560
-3556
-3048
-2269
-1198
+90
+1316
+2475
+3282
+3912
+4161
+3848
+3053
+1633
+39
-1672
-3101
-4066
-4632
-4566
-4125
-3178
-1914
-475
+1103
+2376
+3495
+4240
+4530
+4272
+3308
+1934
+145
-1554
-2883
-3789
-4117
-4015
-3249
-2098
-564
+1238
+2898
+4460
+5613
+6337
+6376
+5603
+4266
+2355
+445
-1217
-2438
-3139
-3385
-3012
-2240
-1008
+431
+1751
+3000
+3860
+4304
+3994
+3008
+1767
+497
-431
-1131
-1620
-2033
-2362
-2398
-2251
-1736
-1119
-503
+107
+545
+922
+960
+798
+438
-65
-498
-999
-1376
-1703
-1864
-1818
-1710
-1392
-1143
-822
-441
-77
+409
+773
+1193
+1482
+1700
+1901
+1977
+2137
+2176
+2271
+2353
+2354
+2452
+2414
+2375
+2181
+1932
+1737
+1453
+1277
+1043
+881
+724
+512
+400
+198
+109
-16
-127
-165
-258
-223
-269
-238
-216
-300
-317
-512
-667
-861
-1023
-1043
-1112
-1007
-981
-899
-798
-748
-564
-484
-289
-117
+31
+252
+341
+549
+670
+828
+998
+1087
+1258
+1259
+1292
+1270
+1200
+1148
+964
+884
+702
+555
+482
+371
+361
+275
+286
+264
+209
+215
+98
+67
-33
-119
-226
-392
-430
-570
-612
-652
-693
-627
-610
-436
-330
-204
-49
+2
+141
+193
+322
+397
+441
+577
+601
+726
+760
+807
+867
+890
+1033
+1049
+1133
+1193
+1208
+1284
+1222
+1224
+1063
+934
+825
+608
+517
+362
+308
+232
+133
+139
+75
+123
+72
+36
+8
-110
-115
-224
-276
-351
-451
-447
-515
-456
-457
-426
-332
-319
-185
-140
-26
+56
+83
+203
+209
+319
+362
+435
+540
+569
+716
+745
+836
+877
+856
+912
+821
+809
+723
+652
+594
+428
+383
+251
+201
+145
+30
+2
-142
-167
-265
-326
-337
-447
-430
-497
-488
-509
-563
-481
-493
-400
-375
-321
-194
-157
-2
+49
+158
+254
+300
+399
+395
+495
+519
+561
+635
+598
+660
+638
+699
+760
+760
+842
+800
+864
+845
+780
+760
+668
+662
+542
+490
+445
+305
+257
+135
+79
-40
-127
-121
-233
-220
-306
-328
-345
-394
-334
-397
-335
-322
-302
-227
-250
-152
-151
-79
+1
+11
+94
+110
+220
+256
+278
+361
+322
+397
+366
+368
+374
+336
+400
+354
+400
+407
+399
+441
+420
+511
+496
+517
+519
+435
+466
+378
+353
+240
+109
+46
-90
-122
-251
-302
-300
-348
-272
-289
-202
-138
-77
+17
+7
+119
+135
+189
+214
+138
+175
+111
+166
+171
+158
+247
+263
+414
+468
+559
+671
+731
+883
+888
+945
+950
+910
+914
+792
+762
+660
+576
+495
+359
+342
+227
+226
+191
+141
+183
+143
+213
+206
+228
+255
+233
+273
+160
+129
+50
-35
-24
-113
-72
-66
-4
+81
+101
+247
+298
+407
+474
+509
+596
+543
+569
+485
+430
+405
+322
+322
+251
+272
+271
+269
+371
+386
+516
+586
+653
+709
+655
+696
+603
+562
+486
+390
+372
+248
+231
+162
+146
+179
+144
+229
+236
+334
+423
+448
+527
+512
+607
+618
+631
+670
+633
+705
+617
+588
+544
+483
+512
+416
+425
+382
+386
+423
+373
+411
+324
+307
+275
+206
+207
+112
+118
+75
+59
+109
+82
+221
+275
+388
+474
+510
+634
+619
+681
+663
+637
+637
+534
+521
+403
+362
+317
+246
+295
+245
+326
+342
+369
+413
+362
+437
+395
+403
+401
+341
+342
+237
+242
+199
+179
+226
+184
+253
+252
+302
+324
+304
+376
+328
+364
+339
+313
+334
+277
+334
+303
+351
+432
+471
+575
+592
+703
+729
+748
+804
+737
+768
+672
+618
+541
+416
+408
+288
+288
+246
+222
+247
+189
+256
+230
+274
+335
+332
+416
+388
+469
+470
+477
+531
+477
+541
+497
+488
+482
+413
+443
+364
+375
+342
+305
+324
+250
+298
+241
+259
+302
+281
+353
+335
+413
+449
+466
+544
+525
+593
+586
+585
+576
+506
+516
+389
+350
+287
+210
+212
+123
+143
+90
+87
+102
+113
+203
+200
+308
+328
+329
+372
+294
+326
+264
+225
+222
+165
+176
+74
+94
+100
+88
+164
+146
+222
+222
+280
+354
+337
+429
+413
+470
+472
+434
+462
+378
+407
+338
+319
+342
+265
+297
+217
+232
+227
+199
+238
+173
+230
+210
+231
+258
+221
+301
+264
+294
+293
+241
+290
+229
+280
+255
+267
+297
+265
+343
+287
+302
+296
+249
+278
+201
+241
+206
+197
+207
+139
+206
+161
+188
+168
+127
+176
+114
+146
+123
+116
+126
+68
+118
+58
+104
+139
+142
+235
+193
+253
+231
+234
+264
+197
+229
+157
+125
+82
+8
+26
-32
+33
+30
+77
+163
+150
+268
+266
+331
+372
+362
+428
+368
+367
+305
+257
+243
+140
+156
+101
+105
+98
+62
+87
+41
+123
+137
+162
+236
+220
+309
+284
+335
+387
+367
+443
+423
+507
+506
+509
+548
+484
+533
+469
+471
+450
+371
+377
+281
+284
+236
+195
+204
+114
+140
+83
+87
+70
+29
+88
+32
+75
+55
+48
+104
+69
+139
+109
+148
+174
+149
+204
+140
+181
+154
+131
+169
+124
+191
+174
+216
+252
+229
+307
+258
+324
+332
+331
+403
+362
+446
+427
+463
+481
+441
+504
+459
+500
+493
+477
+523
+442
+455
+392
+377
+386
+313
+328
+233
+226
+183
+126
+148
+70
+107
+62
+62
+72
+51
+136
+117
+197
+236
+252
+329
+307
+401
+391
+411
+469
+454
+530
+481
+521
+509
+471
+499
+428
+460
+418
+427
+429
+358
+401
+344
+373
+355
+320
+362
+300
+338
+301
+318
+383
+329
+393
+367
+404
+427
+402
+442
+380
+426
+396
+378
+383
+301
+330
+251
+261
+272
+233
+299
+254
+317
+305
+314
+347
+317
+381
+331
+368
+378
+367
+427
+377
+425
+388
+387
+412
+350
+413
+354
+375
+361
+331
+389
+331
+375
+339
+348
+383
+348
+435
+401
+433
+429
+404
+456
+406
+448
+399
+394
+410
+340
+385
+318
+334
+321
+275
+326
+267
+324
+286
+271
+299
