+710
+669
+681
+661
+623
+632
+580
+612
+597
+633
+670
+662
+704
+681
+670
+635
+613
+636
+588
+612
+595
+598
+600
+560
+569
+531
+561
+583
+585
+657
+656
+719
+735
+767
+790
+752
+784
+760
+787
+804
+791
+809
+790
+827
+802
+786
+809
+791
+805
+754
+749
+749
+747
+774
+753
+774
+747
+715
+705
+656
+672
+616
+596
+576
+532
+528
+471
+481
+435
+410
+418
+390
+425
+392
+405
+411
+371
+411
+396
+443
+437
+428
+476
+450
+476
+460
+482
+462
+426
+455
+405
+425
+414
+441
+500
+497
+539
+513
+539
+542
+542
+586
+552
+574
+550
+553
+488
+481
+722
+645
+393
+434
+734
+815
-315
-1469
-1759
-1329
-181
+463
+876
+997
+679
+633
+642
+915
+1071
+1067
+1050
+997
+1316
+1554
+1403
+1020
+1025
+1306
+1659
+2213
+2683
+2955
+2987
+2776
+2473
+2002
+1785
+1727
+1519
+1095
+807
+543
+235
-87
-424
-538
-765
-1114
-1313
-1259
-1147
-1350
-1656
-1682
-1632
-1466
-1535
-1517
-1330
-1264
-1020
-616
-209
-141
-81
+159
+241
+450
+716
+899
+919
+1014
+1198
+1187
+1312
+1492
+1546
+1608
+1717
+1867
+1807
+1744
+1751
+1654
+1513
+1232
+1084
+1003
+853
+751
+569
+489
+445
+262
+36
-185
-285
-388
-460
-554
-677
-689
-652
-553
-588
-521
-315
-264
-290
-343
-203
-120
-96
+103
+258
+422
+521
+630
+880
+1055
+1222
+1296
+1327
+1377
+1447
+1600
+1598
+1552
+1490
+1506
+1623
+1686
+1748
+1684
+1665
+1675
+1621
+1545
+1325
+1173
+1051
+968
+940
+857
+816
+665
+552
+399
+157
-43
-307
-492
-676
-902
-1082
-1283
-1397
-1505
-1621
-1762
-1960
-2092
-2208
-2233
-2297
-2383
-2411
-2474
-2392
-2270
-2107
-2013
-1894
-1568
-1333
-1014
-639
-267
+172
+510
+921
+1305
+1770
+2255
+2581
+2925
+3251
+3692
+4134
+4462
+4714
+4818
+4981
+5076
+5175
+5241
+5166
+5099
+4911
+4724
+4486
+4146
+3728
+3156
+2611
+1990
+1395
+781
+89
-523
-1209
-1781
-2329
-2834
-3241
-3622
-3885
-4199
-4431
-4549
-4617
-4520
-4365
-4139
-3862
-3486
-2953
-2406
-1714
-1048
-382
+311
+945
+1626
+2224
+2896
+3486
+3911
+4296
+4518
+4665
+4619
+4531
+4360
+4063
+3786
+3333
+2787
+2214
+1622
+1025
+333
-288
-913
-1477
-1934
-2442
-2852
-3282
-3605
-3827
-3899
-3778
-3689
-3477
-3250
-2874
-2323
-1762
-1149
-631
-109
+362
+790
+1245
+1616
+2024
+2327
+2586
+2833
+3010
+3159
+3139
+3085
+2995
+2837
+2739
+2539
+2363
+2107
+1848
+1623
+1378
+1198
+914
+703
+562
+442
+412
+304
+182
-34
-278
-509
-773
-942
-1159
-1285
-1309
-1303
-1268
-1319
-1354
-1407
-1393
-1306
-1225
-1041
-900
-774
-656
-580
-453
-346
-127
+14
+89
+187
+231
+338
+377
+425
+496
+511
+616
+692
+880
+1007
+1061
+1096
+1036
+1026
+946
+835
+683
+402
+83
-304
-574
-869
-1188
-1489
-1826
-2045
-2241
-2359
-2385
-2307
-2040
-1747
-1346
-911
-453
+38
+469
+915
+1195
+1392
+1480
+1392
+1299
+1080
+803
+413
-37
-420
-867
-1194
-1485
-1566
-1450
-1233
-819
-396
+119
+652
+1178
+1732
+2163
+2534
+2667
+2660
+2519
+2144
+1652
+957
+236
-546
-1336
-1972
-2421
-2513
-2431
-2214
-1896
-1534
-996
-434
+159
+624
+909
+1101
+1102
+1008
+663
+114
-588
-1354
-1999
-2566
-2833
-2810
-2593
-2171
-1653
-920
-137
+688
+1482
+2123
+2645
+2866
+2923
+2707
+2189
+1429
+408
-611
-1554
-2159
-2422
-2445
-2167
-1750
-1119
-393
+368
+1154
+1745
+2179
+2335
+2300
+1965
+1243
+329
-762
-1790
-2630
-3125
-3237
-3077
-2596
-1969
-1231
-406
+381
+1061
+1501
+1809
+1849
+1557
+969
+65
-898
-1816
-2428
-2657
-2546
-2001
-1256
-299
+787
+1871
+2831
+3439
+3820
+3804
+3390
+2577
+1418
+145
-1139
-2065
-2597
-2769
-2517
-1991
-1152
-210
+770
+1609
+2204
+2584
+2502
+2004
+1116
+106
-667
-1237
-1463
-1545
-1463
-1239
-1019
-621
-262
+91
+288
+278
+123
-219
-591
-1057
-1534
-1868
-2067
-1989
-1713
-1264
-836
-477
-147
+21
+203
+289
+354
+373
+269
+190
+64
-5
-31
-18
+145
+313
+546
+730
+931
+1152
+1265
+1338
+1231
+1056
+805
+512
+300
+52
-107
-253
-352
-352
-376
-343
-339
-294
-250
-228
-175
-227
-230
-266
-320
-407
-554
-605
-681
-672
-617
-566
-430
-359
-256
-170
-96
-18
+13
+121
+172
+244
+298
+328
+395
+396
+440
+422
+380
+349
+264
+288
+277
+278
+302
+306
+325
+263
+245
+175
+78
-5
-163
-250
-380
-496
-575
-662
-672
-698
-663
-645
-630
-593
-628
-565
-568
-540
-493
-441
-312
-258
-176
-143
-141
-146
-249
-263
-291
-313
-332
-372
-341
-328
-254
-242
-247
-224
-237
-168
-183
-192
-218
-302
-340
-423
-477
-559
-636
-629
-617
-513
-460
-321
-139
-17
+123
+216
+345
+385
+369
+395
+363
+370
+277
+184
+133
+41
-20
-141
-200
-246
-267
-272
-323
-308
-333
-336
-332
-341
-267
-220
-191
-192
-216
-201
-243
-231
-281
-338
-384
-471
-479
-537
-596
-692
-793
-822
-901
-906
-922
-906
-884
-909
-870
-843
-740
-632
-529
-414
-356
-216
-123
-59
+2
-21
-43
-160
-222
-255
-303
-331
-420
-415
-452
-493
-531
-598
-571
-613
-618
-637
-644
-583
-615
-648
-720
-763
-775
-791
-733
-749
-728
-714
-686
-608
-574
-482
-475
-471
-445
-412
-334
-341
-347
-383
-447
-457
-519
-517
-552
-565
-574
-628
-610
-636
-642
-684
-705
-635
-613
-541
-510
-461
-400
-398
-369
-410
-457
-504
-551
-559
-602
-592
-612
-632
-654
-731
-714
-744
-726
-717
-748
-729
-763
-749
-750
-722
-666
-654
-586
-542
-462
-393
-384
-381
-409
-390
-370
-336
-288
-293
-269
-306
-331
-361
-422
-432
-524
-564
-619
-650
-652
-698
-700
-743
-738
-748
-765
-699
-683
-605
-522
-461
-379
-378
-360
-363
-352
-401
-498
-531
-616
-616
-654
-650
-613
-614
-539
-530
-490
-432
-399
-320
-326
-339
-390
-452
-471
-508
-464
-473
-490
-515
-568
-551
-557
-519
-477
-399
-300
-302
-290
-372
-426
-478
-571
-595
-629
-572
-510
-445
-384
-392
-372
-414
-413
-365
-351
-280
-289
-288
-295
-285
-251
-269
-247
-290
-314
-340
-384
-371
-399
-398
-459
-522
-529
-606
-648
-728
-784
-813
-823
-762
-749
-690
-640
-629
-591
-610
-540
-536
-538
-500
-487
-390
-340
-252
-206
-188
-144
-172
-135
-131
-120
-98
-108
-112
-200
-264
-350
-393
-400
-468
-468
-488
-485
-469
-493
-468
-501
-509
-519
-521
-514
-545
-509
-532
-519
-486
-471
-407
-406
-381
-362
-336
-292
-338
-321
-355
-385
-394
-432
-414
-450
-415
-397
-385
-326
-310
-272
-249
-223
-182
-190
-159
-179
-181
-187
-202
-155
-140
-124
-123
-123
-120
-176
-217
-358
-441
-519
-604
-608
-660
-653
-633
-596
-520
-485
-449
-447
-389
-363
-354
-280
-275
-221
-204
-172
-129
-150
-129
-145
-123
-90
-78
-22
-50
-42
-53
-61
-70
-142
-158
-206
-193
-152
-130
-59
-24
+32
+27
+8
+25
-16
-3
-15
+23
+45
+37
+60
+42
+56
+54
+5
-40
-124
-128
-161
-165
-167
-196
-195
-258
-264
-282
-275
-275
-282
-213
-187
-125
-53
-8
+83
+152
+249
+295
+317
+329
+277
+260
+203
+170
+121
+70
+48
-13
-29
-73
-130
-151
-194
-186
-210
-197
-173
-191
-174
-216
-193
-179
-189
-148
-135
-96
-104
-105
-92
-100
-70
-79
-43
-49
-69
-57
-97
-95
-119
-116
-124
-185
-177
-195
-136
-64
-16
+41
+23
+65
+67
+86
+113
+133
+183
+162
+189
+161
+102
+75
-3
-27
-110
-144
-140
-172
-148
-146
-125
-112
-106
-57
-57
-27
-40
-39
-28
-35
-9
-31
-13
-15
-26
-4
-13
+42
+60
+43
+71
+84
+112
+68
+75
+92
+86
+122
+98
+142
+154
+156
+141
+79
+87
+79
+105
+117
+82
+66
+15
+42
+55
+73
+104
+101
+150
+165
+222
+268
+322
+422
+443
+500
+503
+511
+514
+438
+397
+298
+248
+208
+155
+152
+121
+130
+110
+107
+147
+144
+207
+232
+306
+369
+380
+402
+381
+394
+347
+322
+310
+252
+260
+235
+226
+218
+220
+247
+218
+224
+184
+146
+137
+136
+194
+219
+268
+300
+323
+359
+325
+358
+394
+435
+485
+494
+563
+586
+609
+623
+621
+673
+694
+730
+728
+713
+723
+692
+695
+679
+718
+719
+657
+614
+549
+538
+512
+476
+447
+371
+355
+312
+322
+313
+287
+301
+234
+232
+262
+291
+311
+295
+300
+246
+218
+192
+162
+199
+184
+198
+187
+193
+207
+151
+169
+148
+141
+134
+119
+129
+74
+77
+89
+97
+147
+122
+117
+51
+13
+5
-24
-19
-72
-92
-141
-196
-222
-303
-328
-379
-415
-423
-441
-400
-383
-323
-328
-338
-295
-281
-219
-190
-119
-51
-28
-3
+10
+70
+76
+99
+135
+113
+142
+133
+161
+197
+216
+273
+299
+348
+377
+380
+421
+382
+351
+292
+234
+188
+149
+148
+95
+68
+8
-34
-27
-39
-26
-40
-30
-35
-77
-84
-122
-136
-143
-155
-149
