-149
-167
-161
-180
-190
-192
-204
-199
-215
-215
-231
-233
-237
-273
-268
-276
-257
-238
-243
-228
-233
-234
-253
-268
-272
-295
-283
-303
-306
-308
-315
-308
-317
-301
-317
-319
-322
-348
-349
-370
-366
-365
-373
-363
-384
-364
-358
-356
-336
-356
-346
-368
-374
-393
-411
-404
-431
-425
-422
-418
-402
-421
-390
-379
-347
-309
-305
-280
-296
-292
-289
-285
-278
-293
-276
-282
-269
-266
-277
-272
-306
-317
-316
-317
-301
-290
-281
-294
-280
-267
-259
-231
-236
-228
-214
-209
-193
-185
-153
-163
-162
-163
-180
-152
-155
-140
-153
-157
-148
-182
-181
-180
-182
-156
-180
-128
-141
-225
+9
+84
-312
-320
+291
+827
+470
-93
-98
+0
-49
-835
-1604
-2173
-2029
-1258
-730
-7
+207
-125
-365
-265
+19
+568
+965
+798
+907
+1167
+1046
+466
+519
+995
+1302
+1774
+1940
+1695
+1770
+1987
+1950
+1691
+1580
+1203
+841
+539
+638
+268
-141
-419
-740
-954
-990
-1100
-1376
-1761
-1874
-1908
-1981
-1987
-2060
-2097
-1853
-1532
-1332
-1285
-1171
-935
-863
-802
-552
-281
-274
-370
-193
+105
+275
+413
+588
+708
+982
+1095
+1311
+1331
+1410
+1453
+1564
+1606
+1589
+1562
+1519
+1444
+1333
+1268
+1175
+930
+739
+749
+752
+699
+444
+232
+184
+19
-218
-291
-340
-559
-681
-623
-637
-708
-804
-963
-990
-980
-994
-788
-514
-193
+108
+403
+636
+719
+798
+862
+999
+1097
+1212
+1400
+1592
+1604
+1559
+1548
+1516
+1534
+1707
+1777
+1713
+1645
+1668
+1580
+1308
+1227
+1143
+972
+873
+798
+615
+311
+65
-15
-103
-303
-460
-598
-887
-1173
-1308
-1524
-1753
-1896
-1977
-2040
-2150
-2215
-2258
-2360
-2387
-2311
-2208
-2221
-2288
-2319
-2216
-1987
-1723
-1561
-1469
-1321
-1137
-885
-716
-507
-143
+245
+538
+758
+1062
+1446
+1765
+2087
+2375
+2663
+2833
+2960
+3166
+3385
+3551
+3603
+3567
+3622
+3747
+3792
+3731
+3627
+3452
+3154
+2858
+2550
+2206
+1748
+1241
+731
+155
-393
-976
-1484
-1919
-2334
-2698
-3073
-3363
-3656
-3908
-4114
-4215
-4203
-4190
-4074
-3862
-3603
-3240
-2823
-2309
-1801
-1274
-689
-86
+525
+1110
+1715
+2305
+2811
+3239
+3551
+3780
+3908
+3905
+3827
+3684
+3478
+3183
+2759
+2267
+1696
+1105
+458
-132
-661
-1223
-1822
-2439
-2902
-3323
-3664
-3908
-4130
-4282
-4335
-4252
-4114
-3941
-3669
-3334
-2915
-2490
-2043
-1611
-1223
-834
-481
-75
+310
+634
+924
+1151
+1400
+1572
+1698
+1785
+1808
+1842
+1828
+1787
+1683
+1557
+1430
+1279
+1167
+1056
+951
+889
+808
+749
+631
+483
+289
+71
-164
-485
-786
-1101
-1449
-1758
-1993
-2206
-2440
-2635
-2824
-2962
-3034
-3092
-3084
-3077
-3033
-2953
-2826
-2609
-2381
-2074
-1692
-1263
-781
-336
+21
+330
+668
+984
+1238
+1498
+1711
+1882
+1936
+1922
+1884
+1754
+1626
+1415
+1156
+819
+368
-87
-608
-1147
-1656
-2070
-2434
-2794
-3079
-3328
-3511
-3589
-3530
-3333
-3047
-2674
-2247
-1775
-1278
-815
-346
+82
+459
+764
+897
+920
+847
+741
+571
+277
-106
-533
-905
-1222
-1463
-1541
-1505
-1315
-1096
-827
-470
-148
+181
+469
+748
+939
+1040
+1027
+841
+615
+265
-169
-697
-1235
-1655
-1965
-2105
-2153
-2047
-1802
-1520
-1139
-743
-337
+25
+321
+529
+542
+487
+289
-54
-540
-1126
-1705
-2276
-2672
-2849
-2837
-2603
-2249
-1778
-1204
-543
+151
+775
+1319
+1626
+1740
+1666
+1391
+919
+239
-517
-1261
-1866
-2204
-2254
-2006
-1570
-972
-238
+545
+1408
+2189
+2821
+3172
+3283
+3098
+2498
+1586
+435
-789
-1979
-2916
-3477
-3726
-3691
-3404
-2884
-2157
-1313
-409
+396
+1047
+1559
+1772
+1718
+1327
+650
-165
-916
-1445
-1729
-1752
-1532
-1126
-532
+222
+1090
+1870
+2471
+2879
+3018
+2812
+2173
+1306
+246
-723
-1422
-1840
-1896
-1732
-1361
-829
-107
+685
+1336
+1880
+2158
+2148
+1790
+1083
+249
-482
-928
-1158
-1308
-1396
-1467
-1414
-1288
-1086
-878
-759
-697
-733
-780
-864
-962
-1000
-969
-807
-572
-327
-152
-68
+0
+26
-2
-93
-161
-196
-248
-205
-84
+86
+307
+551
+883
+1196
+1496
+1765
+1983
+2128
+2140
+2108
+2027
+1890
+1680
+1380
+1089
+799
+584
+383
+214
+143
+77
+28
-34
-87
-157
-238
-344
-493
-627
-787
-959
-1094
-1218
-1248
-1233
-1183
-1082
-925
-708
-489
-234
-16
+156
+269
+310
+324
+292
+253
+157
+17
-96
-234
-309
-326
-289
-146
+0
+187
+384
+594
+787
+916
+1023
+1038
+985
+840
+659
+469
+223
+34
-141
-296
-441
-597
-746
-936
-1073
-1192
-1289
-1346
-1365
-1335
-1295
-1227
-1134
-1055
-928
-792
-634
-480
-359
-221
-92
+56
+185
+312
+449
+565
+700
+796
+878
+915
+954
+1026
+1031
+1043
+1020
+965
+877
+752
+683
+610
+558
+505
+458
+447
+403
+402
+389
+393
+396
+355
+297
+161
-11
-196
-372
-511
-691
-828
-965
-1083
-1130
-1177
-1162
-1140
-1077
-1005
-969
-892
-856
-788
-747
-706
-663
-647
-612
-578
-544
-504
-474
-438
-428
-410
-412
-407
-410
-435
-420
-434
-442
-449
-482
-516
-568
-603
-661
-695
-694
-699
-674
-690
-654
-601
-556
-483
-450
-391
-353
-332
-312
-327
-335
-396
-442
-500
-594
-642
-720
-761
-803
-829
-837
-862
-819
-784
-742
-699
-730
-703
-662
-607
-570
-536
-468
-415
-346
-315
-261
-187
-113
-37
-8
+63
+156
+225
+241
+207
+203
+178
+119
+53
-12
-81
-161
-245
-305
-355
-372
-385
-400
-436
-440
-425
-430
-417
-429
-454
-527
-604
-652
-720
-762
-790
-789
-768
-753
-691
-657
-583
-508
-419
-331
-279
-246
-263
-286
-326
-430
-513
-610
-677
-726
-749
-735
-708
-609
-492
-339
-162
-18
+149
+272
+375
+456
+496
+509
+437
+375
+243
+112
-14
-147
-254
-363
-439
-501
-536
-525
-527
-472
-441
-388
-334
-314
-294
-308
-318
-315
-303
-284
-292
-245
-171
-104
-49
+4
+104
+169
+238
+261
+275
+294
+265
+288
+285
+259
+227
+216
+236
+232
+260
+270
+266
+268
+196
+150
+91
+27
-21
-79
-91
-108
-112
-133
-143
-136
-154
-150
-150
-155
-207
-255
-283
-328
-348
-382
-445
-481
-526
-545
-554
-553
-528
-512
-441
-372
-281
-170
-55
+81
+150
+196
+236
+269
+269
+239
+204
+135
+52
-55
-168
-249
-297
-294
-317
-287
-224
-174
-109
-66
-23
+22
+50
+79
+71
+51
+28
-2
-33
-102
-132
-181
-163
-144
-153
-131
-125
-88
-85
-84
-75
-114
-142
-190
-235
-271
-308
-304
-314
-278
-231
-181
-125
-64
+12
+45
+49
+30
-19
-81
-185
-263
-371
-478
-532
-588
-602
-609
-575
-521
-484
-418
-366
-288
-226
-162
-131
-131
-101
-87
-66
-71
-46
-6
-7
+11
+42
+42
+44
+53
+71
+63
+61
+51
+52
+45
+1
+6
+27
+46
+81
+94
+131
+151
+189
+237
+249
+310
+335
+356
+379
+399
+441
+475
+489
+457
+440
+429
+407
+422
+419
+450
+487
+538
+605
+671
+761
+838
+889
+927
+956
+988
+969
+938
+881
+816
+763
+682
+620
+539
+489
+472
+468
+497
+536
+590
+629
+678
+746
+808
+890
+942
+1005
+1058
+1094
+1136
+1142
+1154
+1159
+1159
+1169
+1145
+1141
+1133
+1138
+1149
+1133
+1150
+1134
+1124
+1131
+1134
+1127
+1095
+1112
+1133
+1143
+1169
+1185
+1211
+1219
+1251
+1258
+1266
+1296
+1306
+1357
+1360
+1347
+1353
+1332
+1311
+1265
+1233
+1199
+1145
+1098
+1039
+1008
+977
+994
+1024
+1046
+1103
+1177
+1267
+1361
+1451
+1549
+1651
+1762
+1854
+1940
+2021
+2032
+2040
+1996
+1971
+1933
+1848
+1804
+1737
+1659
+1582
+1541
+1541
+1517
+1538
+1531
+1535
+1526
+1506
+1546
+1549
+1566
+1551
+1535
+1531
+1514
+1527
+1527
+1533
+1547
+1554
+1540
+1532
+1541
+1530
+1521
+1525
+1532
+1559
+1564
+1585
+1616
+1661
+1715
+1767
+1826
+1878
+1915
+1938
+1938
+1923
+1883
+1864
+1803
+1716
+1669
+1609
+1574
+1510
+1452
+1427
+1397
+1387
+1367
+1390
+1432
+1445
+1446
+1420
+1422
+1407
+1388
+1381
+1362
+1379
+1365
+1363
+1367
+1355
+1397
+1391
+1406
+1392
+1378
+1370
+1345
+1358
+1334
+1323
+1302
+1281
+1278
+1240
+1226
+1190
+1155
+1135
+1095
+1090
+1054
+1036
+1039
+1040
+1055
+1050
+1064
+1057
+1055
+1071
+1033
+1016
+979
+938
+867
+798
+795
+760
+737
+695
+681
+678
+677
+706
+723
+759
+784
+816
+836
+805
+778
+743
+708
+688
+641
+639
+623
+592
+559
+545
+554
+542
+542
+540
+549
+571
+550
+544
+510
+506
+511
+507
+524
+519
+540
+549
+555
+568
+566
+567
+541
+532
+524
+487
+466
+434
+398
+362
+331
+303
+267
+279
+260
+247
+245
+231
+252
+269
+300
+289
+302
+321
+286
+277
+254
+218
+188
+146
+134
+95
+67
+52
+31
+38
+19
+35
+41
+53
+79
+105
+144
+166
+188
+208
+216
+231
+223
+227
+214
+188
+172
+142
+123
+73
+50
+46
+32
+46
+40
+51
+46
+30
+27
-5
-15
-38
-31
-37
-66
-91
-133
-159
-185
-181
-175
-164
-120
-83
-30
+24
+60
+111
+156
+229
+262
+265
+280
+295
+347
+368
+402
+444
+490
+539
+550
+579
+594
+599
+609
+593
+583
+549
+549
+533
