+403
+430
+471
+472
+493
+490
+507
+489
+480
+511
+483
+487
+450
+422
+418
+398
+442
+435
+458
+460
+460
+500
+492
+525
+502
+468
+452
+417
+431
+428
+439
+436
+417
+426
+396
+423
+426
+457
+500
+508
+542
+526
+518
+507
+488
+501
+490
+494
+463
+452
+457
+424
+442
+430
+425
+418
+413
+438
+394
+382
+382
+396
+432
+443
+474
+460
+466
+453
+441
+490
+486
+518
+527
+518
+528
+511
+560
+566
+576
+572
+536
+532
+514
+534
+542
+543
+567
+534
+540
+506
+483
+479
+475
+517
+514
+533
+537
+544
+562
+549
+577
+582
+595
+593
+572
+589
+572
+596
+587
+572
+573
+552
+568
+558
+559
+566
+548
+574
+565
+603
+623
+631
+646
+638
+659
+629
+631
+627
+606
+645
+636
+644
+650
+646
+652
+607
+632
+628
+612
+577
+574
+576
+542
+192
-574
-854
-696
-249
+238
+618
+830
+689
+617
+700
+823
+971
+1019
+1051
+1048
+1037
+1015
+875
+800
+812
+940
+1198
+1510
+1825
+1953
+1974
+1905
+1729
+1598
+1453
+1314
+1150
+970
+786
+526
+288
+53
-146
-279
-412
-492
-568
-599
-601
-606
-568
-579
-575
-559
-525
-454
-399
-281
-203
-91
+28
+122
+224
+275
+384
+487
+605
+766
+898
+1040
+1161
+1278
+1354
+1375
+1396
+1370
+1366
+1382
+1409
+1447
+1447
+1460
+1402
+1338
+1270
+1173
+1119
+1043
+991
+912
+787
+673
+564
+500
+416
+307
+222
+153
+130
+100
+116
+140
+172
+268
+347
+469
+567
+655
+748
+797
+874
+914
+982
+1044
+1087
+1160
+1173
+1205
+1195
+1219
+1263
+1242
+1238
+1208
+1221
+1225
+1246
+1306
+1308
+1299
+1254
+1232
+1224
+1181
+1182
+1146
+1121
+1060
+949
+885
+801
+790
+782
+749
+702
+593
+488
+342
+251
+171
+101
+27
-109
-185
-275
-363
-434
-521
-541
-561
-559
-558
-572
-571
-615
-620
-623
-611
-556
-512
-400
-285
-134
+35
+190
+361
+498
+699
+906
+1117
+1376
+1600
+1865
+2093
+2339
+2586
+2812
+3065
+3241
+3422
+3555
+3669
+3781
+3855
+3878
+3802
+3701
+3538
+3349
+3150
+2874
+2623
+2316
+1970
+1607
+1175
+764
+330
-72
-425
-755
-1007
-1272
-1472
-1669
-1840
-1967
-2060
-2060
-2034
-1908
-1762
-1591
-1340
-1097
-785
-444
-56
+376
+744
+1146
+1519
+1908
+2304
+2647
+2953
+3173
+3374
+3487
+3551
+3566
+3476
+3344
+3099
+2797
+2463
+2117
+1793
+1409
+1030
+621
+184
-230
-627
-923
-1191
-1385
-1526
-1636
-1643
-1619
-1516
-1395
-1214
-974
-712
-378
-35
+339
+715
+1034
+1336
+1579
+1855
+2069
+2257
+2436
+2547
+2673
+2743
+2768
+2741
+2620
+2523
+2392
+2290
+2163
+2007
+1843
+1635
+1459
+1276
+1119
+974
+829
+771
+715
+671
+600
+509
+428
+323
+286
+251
+249
+230
+211
+221
+198
+227
+251
+296
+368
+384
+457
+513
+539
+563
+563
+598
+616
+685
+764
+836
+950
+1019
+1101
+1087
+1077
+1069
+1052
+1076
+1075
+1131
+1161
+1182
+1210
+1202
+1193
+1119
+1060
+1025
+964
+932
+830
+729
+603
+503
+453
+379
+366
+328
+292
+273
+281
+406
+547
+747
+960
+1161
+1373
+1516
+1665
+1769
+1842
+1875
+1785
+1663
+1437
+1224
+982
+735
+504
+220
+20
-170
-264
-206
-68
+213
+521
+905
+1319
+1733
+2160
+2485
+2740
+2864
+2885
+2740
+2466
+2138
+1689
+1186
+622
+45
-462
-879
-1096
-1161
-1078
-860
-576
-167
+257
+742
+1250
+1738
+2173
+2419
+2532
+2461
+2252
+1925
+1446
+923
+342
-149
-514
-724
-765
-721
-507
-189
+242
+750
+1246
+1747
+2129
+2395
+2519
+2498
+2351
+2020
+1586
+1060
+564
+220
+46
+67
+173
+385
+674
+991
+1361
+1693
+1996
+2178
+2222
+2136
+1824
+1376
+769
+114
-519
-1038
-1282
-1294
-1072
-690
-184
+446
+1114
+1838
+2431
+2884
+3141
+3171
+2998
+2551
+1948
+1193
+394
-247
-680
-833
-761
-442
+38
+612
+1333
+2003
+2628
+3077
+3283
+3207
+2773
+2133
+1270
+363
-434
-1015
-1301
-1339
-1109
-685
-125
+529
+1136
+1735
+2200
+2485
+2466
+2113
+1610
+1062
+610
+278
+25
-144
-287
-299
-211
+9
+318
+647
+956
+1193
+1405
+1518
+1548
+1503
+1378
+1243
+1082
+950
+848
+730
+645
+503
+400
+352
+390
+537
+730
+966
+1174
+1386
+1574
+1721
+1869
+1927
+1961
+1902
+1792
+1692
+1566
+1459
+1303
+1158
+1046
+966
+960
+947
+994
+1020
+1009
+1007
+947
+910
+827
+753
+717
+649
+626
+574
+583
+588
+637
+751
+841
+980
+1090
+1176
+1243
+1266
+1319
+1292
+1253
+1167
+1018
+859
+666
+517
+397
+340
+328
+326
+379
+436
+547
+654
+766
+911
+958
+985
+945
+875
+805
+709
+650
+561
+509
+455
+406
+421
+449
+562
+700
+842
+981
+1066
+1178
+1261
+1366
+1427
+1440
+1441
+1376
+1338
+1257
+1174
+1113
+1041
+1018
+961
+923
+885
+859
+862
+849
+894
+910
+923
+943
+920
+946
+946
+974
+1002
+1016
+1072
+1063
+1065
+1037
+1006
+996
+959
+965
+900
+830
+754
+710
+726
+740
+800
+815
+837
+872
+875
+903
+883
+870
+862
+822
+814
+769
+763
+716
+700
+722
+737
+803
+830
+847
+809
+768
+769
+722
+718
+686
+634
+570
+483
+457
+410
+379
+331
+261
+253
+225
+271
+290
+310
+346
+343
+392
+421
+483
+553
+627
+739
+778
+842
+884
+926
+971
+990
+1058
+1076
+1082
+1121
+1151
+1230
+1257
+1268
+1244
+1226
+1225
+1155
+1134
+1080
+1041
+978
+868
+787
+649
+546
+434
+351
+306
+259
+286
+289
+333
+390
+432
+539
+635
+796
+938
+1042
+1136
+1177
+1229
+1204
+1187
+1164
+1084
+1020
+878
+781
+690
+624
+604
+550
+551
+508
+509
+516
+496
+522
+509
+553
+592
+610
+640
+600
+591
+575
+593
+606
+612
+664
+667
+711
+747
+776
+824
+808
+856
+891
+939
+986
+1007
+1042
+1002
+1000
+956
+895
+862
+783
+767
+709
+678
+669
+633
+664
+623
+637
+636
+623
+656
+622
+614
+559
+537
+546
+524
+549
+515
+514
+502
+498
+579
+634
+743
+819
+895
+954
+970
+1016
+1002
+1028
+1059
+1083
+1134
+1113
+1145
+1131
+1127
+1159
+1164
+1229
+1204
+1183
+1126
+1035
+965
+858
+830
+779
+733
+701
+649
+673
+670
+707
+741
+740
+760
+711
+714
+667
+616
+582
+518
+515
+463
+415
+355
+316
+350
+344
+393
+403
+429
+468
+469
+549
+595
+689
+776
+853
+963
+1013
+1118
+1187
+1259
+1353
+1376
+1414
+1377
+1330
+1255
+1103
+974
+794
+686
+575
+464
+385
+275
+248
+195
+222
+246
+261
+316
+331
+411
+430
+450
+490
+495
+549
+559
+589
+639
+646
+717
+754
+842
+892
+955
+994
+969
+995
+965
+977
+961
+903
+900
+844
+847
+809
+777
+770
+737
+775
+770
+808
+837
+833
+896
+880
+893
+897
+901
+941
+909
+904
+828
+771
+698
+588
+516
+405
+373
+339
+330
+361
+331
+357
+349
+388
+453
+469
+505
+457
+448
+409
+356
+337
+270
+263
+229
+237
+275
+306
+408
+453
+548
+628
+702
+797
+831
+925
+963
+1013
+1052
+1052
+1089
+1071
+1087
+1072
+1048
+1042
+996
+1000
+919
+865
+791
+684
+620
+508
+457
+390
+311
+261
+190
+220
+220
+259
+299
+317
+396
+423
+518
+572
+604
+669
+683
+740
+755
+769
+780
+739
+726
+625
+562
+492
+476
+515
+511
+565
+564
+566
+558
+539
+576
+558
+584
+588
+559
+576
+556
+573
+564
+587
+615
+626
+680
+666
+682
+678
+665
+649
+592
+565
+505
+468
+432
+361
+358
+283
+253
+232
+222
+274
+294
+362
+367
+386
+429
+430
+497
+517
+551
+546
+515
+525
+495
+550
+590
+618
+633
+603
+611
+583
+611
+605
+562
+536
+457
+430
+360
+335
+355
+333
+373
+368
+401
+419
+398
+435
+395
+399
+378
+373
+377
+366
+372
+303
+289
+285
+285
+337
+332
+365
+357
+362
+389
+376
+423
+400
+400
+373
+308
+282
+216
+230
+251
+281
+315
+319
+390
+427
+495
+538
+557
+607
+574
+576
+511
+457
+426
+369
+398
+392
+422
+435
+427
+443
+398
+414
+408
+400
+375
+290
+256
+190
+199
+205
+214
+257
+261
+308
+308
+319
+356
+353
+394
+405
+414
+411
+379
+393
+356
+394
+404
+429
+465
+449
+531
+574
+643
+699
+706
+750
+727
+747
+742
+720
+692
+605
+570
+483
+454
+440
+397
+399
+352
+348
+318
+287
+290
+251
+253
+197
+162
+146
+102
+99
+65
+103
+118
+149
+209
+257
+358
+425
+507
+602
+654
+709
+698
+738
+741
+721
+717
+681
+691
+661
+649
+623
+568
+593
+549
+535
+496
+451
+427
+331
+329
+282
+281
+278
+234
+229
+159
+142
+137
+136
+165
+134
+154
+134
+141
+164
+149
+205
+240
+303
+323
+327
+388
+400
+473
+515
+541
+547
+479
+453
+381
+369
+367
+350
+366
+338
+389
+389
+404
+436
+433
+464
+439
+449
+425
+383
+375
+325
+311
+265
+225
+205
+154
+179
+171
+216
+252
+254
+283
+256
+290
+295
+302
+326
+302
+335
+313
+336
+352
+368
+443
+437
+467
+443
+432
+439
+392
+377
+333
+342
+349
+333
+351
+320
+339
+316
+309
+309
+255
+232
+149
+93
+43
+18
+28
-15
-14
-8
-6
+30
+35
+90
+105
+170
+229
+254
+306
+285
+306
+300
+313
+360
+367
+406
+381
+398
+411
+420
+474
+450
+458
+415
+344
+315
+257
+250
+197
