+126
+125
+129
+128
+117
+116
+103
+100
+98
+76
+77
+74
+69
+74
+62
+70
+81
+96
+92
+84
+95
+93
+106
+121
+141
+140
+146
+139
+148
+154
+155
+170
+166
+160
+169
+173
+184
+182
+177
+182
+155
+151
+142
+141
+130
+122
+117
+114
+107
+99
+98
+114
+123
+131
+144
+160
+153
+139
+127
+125
+132
+134
+138
+142
+143
+151
+150
+160
+168
+177
+181
+177
+168
+178
+189
+192
+183
+182
+177
+174
+165
+162
+170
+186
+195
+202
+200
+194
+192
+208
+215
+215
+233
+228
+213
+219
+229
+218
+193
+183
+180
+176
+172
+167
+175
+183
+187
+181
+195
+208
+214
+232
+251
+274
+288
+298
+292
+280
+285
+287
+284
+291
+293
+285
+283
+273
+274
+280
+283
+286
+286
+267
+265
+252
+237
+238
+222
+204
+206
+214
+228
+155
+174
+379
+374
+238
+422
+655
+501
+140
+112
+474
+528
+293
+270
-270
-933
-1076
-783
-159
+224
+452
+537
+446
+342
+512
+717
+901
+1066
+958
+915
+1013
+672
+530
+854
+1153
+1214
+1392
+1521
+1493
+1333
+1486
+1439
+1127
+1121
+1019
+832
+796
+684
+462
+309
-51
-88
-82
-380
-616
-757
-736
-789
-897
-799
-738
-745
-708
-432
-370
-575
-557
-317
-158
-190
-74
+69
+186
+272
+391
+593
+657
+649
+778
+917
+925
+888
+1004
+1118
+1118
+1139
+1242
+1259
+1203
+1250
+1296
+1212
+1099
+1105
+1087
+975
+847
+738
+664
+580
+513
+401
+194
-11
-178
-229
-158
-173
-259
-261
-235
-230
-194
-190
-116
+31
+144
+200
+253
+380
+497
+611
+615
+630
+774
+842
+900
+1024
+1113
+1137
+1209
+1295
+1398
+1481
+1440
+1421
+1481
+1544
+1496
+1442
+1413
+1349
+1287
+1256
+1236
+1167
+1055
+964
+874
+775
+717
+685
+598
+419
+276
+162
+57
-82
-194
-255
-398
-557
-562
-559
-652
-775
-827
-821
-830
-877
-923
-944
-938
-867
-796
-785
-764
-681
-584
-477
-383
-222
-7
+178
+328
+465
+632
+768
+952
+1198
+1432
+1564
+1645
+1815
+2003
+2153
+2317
+2473
+2577
+2646
+2755
+2888
+2985
+3048
+3053
+3004
+2912
+2742
+2549
+2338
+2096
+1833
+1569
+1264
+905
+584
+259
-112
-469
-746
-992
-1271
-1501
-1657
-1802
-1957
-2065
-2128
-2148
-2093
-1950
-1803
-1629
-1429
-1168
-848
-506
-177
+164
+543
+936
+1337
+1686
+2007
+2273
+2510
+2692
+2821
+2899
+2929
+2923
+2851
+2690
+2465
+2179
+1850
+1518
+1168
+802
+424
+41
-328
-680
-998
-1280
-1485
-1670
-1811
-1893
-1935
-1903
-1812
-1663
-1463
-1243
-956
-655
-314
+20
+303
+600
+875
+1111
+1307
+1501
+1657
+1769
+1835
+1903
+1977
+1981
+1939
+1908
+1859
+1788
+1674
+1553
+1416
+1296
+1211
+1110
+997
+905
+839
+794
+742
+726
+713
+671
+591
+507
+463
+394
+300
+196
+128
+108
+70
+35
+10
-2
-30
-81
-83
-44
-63
-113
-111
-56
+17
+99
+177
+273
+372
+454
+547
+595
+635
+675
+707
+750
+808
+864
+912
+949
+990
+1013
+972
+936
+896
+821
+702
+537
+347
+141
-9
-113
-207
-287
-337
-405
-426
-414
-373
-276
-116
+100
+331
+551
+746
+924
+1094
+1255
+1383
+1468
+1484
+1426
+1277
+1077
+842
+615
+385
+149
-97
-314
-452
-484
-403
-212
+22
+309
+605
+920
+1267
+1600
+1916
+2157
+2294
+2322
+2251
+2088
+1808
+1439
+996
+528
+47
-377
-711
-944
-1051
-1050
-935
-722
-456
-126
+238
+574
+885
+1136
+1303
+1369
+1336
+1184
+915
+588
+211
-152
-459
-603
-643
-601
-438
-224
+43
+342
+700
+1055
+1339
+1533
+1635
+1648
+1565
+1349
+1030
+628
+259
-22
-188
-225
-230
-124
+85
+324
+590
+849
+1085
+1232
+1315
+1274
+1071
+802
+420
-59
-513
-865
-1064
-1132
-1015
-744
-360
+66
+514
+1013
+1498
+1833
+1979
+1996
+1866
+1522
+1016
+436
-135
-654
-989
-1089
-965
-706
-336
+161
+706
+1238
+1717
+2093
+2341
+2339
+2094
+1682
+1126
+479
-124
-511
-697
-742
-576
-235
+182
+642
+1113
+1540
+1849
+1993
+1928
+1644
+1173
+654
+270
+49
-35
-54
-20
+53
+142
+308
+530
+759
+905
+954
+931
+819
+664
+492
+303
+143
+16
-37
-105
-171
-196
-222
-234
-246
-214
-131
-5
+168
+315
+474
+655
+797
+959
+1087
+1228
+1345
+1463
+1537
+1589
+1626
+1651
+1666
+1661
+1648
+1633
+1568
+1492
+1404
+1313
+1221
+1102
+998
+887
+793
+693
+602
+522
+442
+397
+381
+369
+350
+323
+297
+255
+248
+229
+200
+192
+158
+143
+126
+111
+121
+132
+177
+214
+254
+297
+362
+467
+571
+721
+845
+941
+1039
+1121
+1205
+1246
+1273
+1276
+1234
+1185
+1105
+1041
+942
+871
+794
+731
+722
+708
+705
+693
+659
+618
+554
+492
+428
+363
+311
+256
+228
+242
+281
+321
+341
+373
+430
+518
+576
+643
+723
+775
+830
+836
+865
+881
+850
+841
+853
+858
+867
+870
+914
+905
+914
+933
+973
+1027
+1056
+1070
+1043
+992
+946
+892
+827
+779
+768
+766
+757
+758
+773
+817
+848
+886
+919
+946
+972
+965
+1003
+1005
+963
+936
+927
+922
+882
+856
+838
+821
+812
+785
+751
+702
+650
+602
+527
+441
+360
+335
+309
+279
+254
+231
+230
+230
+240
+268
+306
+366
+432
+518
+576
+620
+697
+759
+812
+841
+884
+912
+938
+975
+996
+1035
+1074
+1092
+1121
+1165
+1211
+1220
+1233
+1254
+1257
+1240
+1183
+1137
+1062
+948
+846
+706
+606
+496
+423
+352
+299
+275
+282
+327
+370
+409
+498
+582
+675
+749
+798
+832
+847
+837
+793
+774
+748
+706
+675
+638
+650
+665
+709
+755
+779
+848
+927
+1029
+1108
+1169
+1189
+1179
+1157
+1093
+1003
+935
+863
+786
+689
+641
+629
+619
+629
+595
+581
+599
+599
+591
+597
+579
+526
+481
+455
+444
+439
+455
+505
+533
+568
+600
+629
+669
+702
+755
+768
+730
+698
+639
+609
+565
+527
+519
+506
+526
+567
+645
+714
+788
+906
+1009
+1089
+1126
+1157
+1168
+1080
+1025
+994
+956
+917
+883
+877
+848
+852
+861
+876
+884
+882
+914
+926
+937
+957
+963
+980
+969
+940
+909
+874
+845
+806
+802
+779
+734
+704
+670
+648
+620
+614
+619
+610
+596
+573
+598
+603
+603
+625
+654
+705
+748
+806
+867
+905
+968
+1033
+1107
+1204
+1291
+1365
+1421
+1468
+1454
+1443
+1420
+1375
+1324
+1236
+1156
+1037
+959
+872
+787
+723
+624
+569
+531
+505
+496
+469
+469
+467
+485
+522
+530
+570
+576
+604
+619
+651
+717
+756
+794
+808
+829
+863
+872
+903
+928
+956
+967
+961
+973
+961
+974
+986
+1006
+1026
+1024
+1026
+1017
+1029
+1023
+989
+966
+917
+906
+876
+833
+778
+686
+630
+579
+538
+528
+519
+519
+533
+556
+591
+615
+625
+614
+625
+590
+529
+476
+433
+414
+370
+352
+341
+335
+355
+367
+436
+485
+536
+592
+651
+714
+737
+774
+777
+764
+766
+748
+742
+722
+718
+739
+733
+740
+729
+754
+772
+759
+736
+715
+686
+621
+587
+567
+524
+520
+500
+510
+479
+457
+486
+466
+481
+464
+446
+440
+437
+441
+428
+452
+463
+483
+519
+529
+579
+609
+660
+694
+711
+730
+726
+719
+702
+694
+675
+621
+584
+500
+430
+377
+328
+309
+266
+275
+271
+293
+332
+364
+451
+519
+595
+636
+668
+710
+724
+745
+730
+700
+696
+636
+593
+543
+515
+496
+459
+445
+418
+424
+424
+422
+422
+389
+371
+349
+362
+366
+337
+351
+351
+375
+398
+416
+457
+488
+532
+582
+615
+619
+613
+618
+615
+629
+628
+609
+598
+574
+616
+633
+632
+630
+602
+581
+531
+495
+454
+414
+393
+351
+351
+340
+328
+331
+310
+294
+263
+257
+213
+158
+122
+60
+24
-23
-56
-48
-24
+28
+82
+150
+232
+320
+439
+510
+595
+657
+714
+762
+751
+757
+747
+737
+713
+696
+693
+677
+680
+661
+651
+642
+596
+586
+534
+490
+452
+415
+386
+331
+315
+282
+244
+201
+172
+175
+157
+170
+188
+200
+228
+240
+291
+322
+344
+365
+389
+433
+435
+466
+478
+490
+518
+521
+545
+572
+605
+660
+717
+792
+823
+874
+939
+956
+992
+1007
+1003
+984
+964
+915
+844
+798
+725
+658
+585
+514
+454
+376
+319
+258
+198
+157
+99
+87
+57
+51
+68
+77
+125
+142
+180
+200
+212
+265
+298
+338
+355
+404
+451
+485
+548
+574
+614
+645
+688
+721
+735
+772
+783
+780
+783
+759
+768
+744
+747
+737
+701
+664
+611
+568
+491
+438
+386
+354
+330
+276
+263
+249
+241
+265
+276
+324
+326
+349
+360
+343
+357
+352
+358
+350
+351
+363
+374
+419
+434
+448
+478
+492
+547
+579
+599
+613
+639
+662
+664
+677
+670
+668
+660
+638
+644
+649
+641
+636
+627
+639
+632
+644
+635
+614
+599
+548
+530
+493
+492
+499
+504
+526
+542
+579
+586
+581
+586
+574
+588
+564
+557
+543
+533
+536
+527
+553
+534
+526
+525
+511
+545
+554
+584
+605
+625
+659
+659
+653
+642
+646
+651
+639
+662
+650
+646
+629
+594
+598
+570
+558
+531
+521
+521
+524
+558
+581
+596
+585
+565
+541
+500
+492
+465
+438
+449
+444
+464
+482
+538
+580
+597
+620
+614
+632
+654
+660
+659
+653
+658
+644
+648
