-428
-422
-458
-450
-501
-496
-501
-505
-486
-519
-493
-533
-531
-507
-525
-501
-532
-482
-461
-446
-405
-447
-400
-390
-366
-324
-321
-261
-275
-235
-226
-209
-147
-146
-100
-122
-107
-75
-89
-59
-86
-70
-60
-71
-40
-69
-15
-13
-11
-23
-90
-75
-114
-108
-125
-149
-132
-179
-174
-200
-168
-143
-163
-111
-140
-112
-120
-131
-98
-138
-93
-121
-114
-98
-123
-115
-158
-138
-155
-196
-188
-235
-205
-216
-210
-197
-220
-188
-221
-208
-217
-235
-213
-242
-184
-181
-169
-146
-160
-109
-118
-66
-25
-27
-2
-60
-40
-71
-82
-66
-82
-32
-45
-20
-28
-41
-4
-44
-17
-32
-44
-28
-63
-29
-75
-60
-64
-82
-47
-95
-62
-82
-93
-96
-145
-107
-145
-123
-107
-110
-74
-120
-93
-113
-116
-91
-117
-64
-92
-79
-69
-64
-23
-90
-30
+39
+69
+64
+59
+174
+148
+62
+12
+93
+130
+17
+57
+81
-359
-950
-1129
-890
-530
-247
+159
+343
+252
+204
+329
+443
+561
+637
+639
+714
+540
+324
+281
+313
+380
+497
+807
+982
+1081
+1168
+1137
+1015
+908
+884
+736
+529
+406
+251
+145
-68
-283
-409
-625
-715
-848
-950
-1051
-1113
-1052
-1059
-1055
-1094
-1062
-960
-955
-854
-769
-674
-618
-526
-383
-363
-313
-294
-214
-79
-23
+128
+235
+378
+482
+511
+587
+557
+613
+690
+754
+793
+768
+844
+812
+759
+678
+539
+429
+277
+223
+161
+101
+72
-62
-163
-311
-393
-400
-378
-305
-359
-368
-375
-381
-350
-379
-291
-230
-189
-138
-158
-95
-110
-88
-102
-141
-147
-163
-80
-63
-25
+65
+134
+251
+286
+369
+410
+440
+545
+600
+728
+765
+804
+821
+753
+760
+709
+710
+679
+637
+637
+517
+418
+302
+261
+219
+97
+45
-86
-175
-312
-425
-476
-610
-673
-754
-807
-893
-1032
-1083
-1193
-1220
-1277
-1354
-1376
-1449
-1417
-1436
-1422
-1373
-1349
-1212
-1138
-1027
-943
-861
-697
-573
-355
-179
+16
+244
+406
+638
+788
+1018
+1282
+1519
+1803
+2007
+2238
+2369
+2478
+2598
+2666
+2776
+2816
+2869
+2844
+2749
+2667
+2474
+2293
+2020
+1747
+1494
+1142
+828
+458
+120
-226
-601
-906
-1222
-1411
-1634
-1837
-2006
-2187
-2276
-2407
-2425
-2415
-2375
-2214
-2087
-1852
-1650
-1385
-1049
-758
-381
-59
+346
+752
+1131
+1535
+1843
+2179
+2425
+2625
+2813
+2873
+2915
+2857
+2783
+2637
+2384
+2130
+1783
+1490
+1136
+773
+430
+41
-275
-636
-916
-1172
-1398
-1520
-1673
-1694
-1713
-1682
-1562
-1442
-1209
-1008
-755
-493
-277
-4
+197
+454
+656
+813
+960
+1012
+1118
+1183
+1287
+1355
+1307
+1254
+1121
+1061
+970
+898
+867
+748
+688
+525
+397
+336
+268
+321
+351
+439
+491
+546
+641
+676
+758
+777
+821
+839
+836
+894
+879
+916
+894
+863
+860
+799
+812
+733
+685
+602
+441
+351
+159
+17
-139
-241
-278
-384
-395
-468
-513
-543
-595
-561
-589
-514
-433
-318
-159
-71
+76
+140
+237
+378
+460
+574
+581
+608
+588
+537
+548
+489
+496
+425
+369
+313
+221
+230
+197
+264
+354
+428
+536
+550
+654
+706
+750
+790
+748
+755
+624
+483
+280
+66
-83
-291
-396
-549
-671
-720
-747
-635
-522
-269
+9
+294
+638
+888
+1196
+1409
+1592
+1710
+1657
+1583
+1378
+1134
+835
+449
+92
-320
-585
-800
-883
-811
-687
-390
-104
+284
+676
+1058
+1459
+1719
+1935
+1968
+1886
+1696
+1324
+899
+328
-222
-750
-1225
-1484
-1662
-1626
-1509
-1255
-856
-433
+93
+546
+1016
+1435
+1709
+1895
+1839
+1638
+1250
+790
+328
-176
-494
-756
-860
-855
-761
-493
-220
+188
+565
+882
+1162
+1287
+1389
+1300
+1095
+750
+286
-123
-498
-655
-715
-617
-393
-175
+150
+464
+844
+1180
+1404
+1566
+1524
+1383
+1022
+568
+90
-383
-615
-749
-661
-430
-98
+412
+871
+1426
+1901
+2270
+2517
+2524
+2389
+1946
+1323
+582
-156
-655
-1029
-1141
-1092
-871
-499
-110
+412
+847
+1227
+1450
+1455
+1300
+848
+367
-86
-446
-606
-709
-625
-521
-338
-88
+178
+529
+751
+966
+1041
+1011
+930
+689
+447
+155
-24
-105
-171
-139
-158
-109
-84
-49
+36
+34
+89
+109
+133
+142
+94
+131
+84
+132
+155
+221
+360
+427
+550
+615
+684
+743
+732
+785
+759
+785
+775
+714
+690
+578
+552
+497
+471
+473
+444
+492
+473
+538
+574
+602
+694
+689
+690
+620
+517
+419
+276
+176
+4
-135
-292
-433
-495
-600
-614
-695
-695
-632
-584
-443
-372
-260
-198
-168
-98
-86
+35
+83
+164
+242
+239
+307
+325
+394
+439
+463
+544
+552
+611
+595
+597
+590
+519
+512
+443
+441
+414
+362
+386
+346
+358
+329
+315
+308
+239
+236
+128
+54
-26
-122
-175
-289
-318
-413
-480
-529
-616
-597
-614
-548
-464
-430
-352
-327
-223
-180
-132
-69
-73
+4
+1
+34
+71
+109
+193
+172
+215
+253
+307
+379
+399
+503
+506
+545
+533
+488
+498
+419
+399
+334
+278
+246
+155
+143
+55
+6
-50
-153
-201
-337
-390
-501
-590
-642
-750
-755
-809
-771
-714
-665
-518
-421
-288
-190
-77
+54
+84
+190
+193
+213
+234
+203
+217
+135
+91
+9
-66
-101
-161
-141
-158
-96
-35
+6
+105
+109
+189
+214
+203
+218
+154
+141
+35
-30
-83
-158
-148
-208
-170
-177
-189
-143
-156
-94
-81
-41
-30
-71
-65
-149
-162
-196
-242
-236
-303
-265
-279
-242
-184
-143
+2
+43
+127
+163
+180
+221
+179
+199
+145
+79
+4
-100
-122
-208
-229
-252
-278
-258
-276
-195
-160
-95
-28
-9
+54
+40
+66
+62
+64
+94
+79
+146
+134
+147
+174
+171
+214
+142
+100
+17
-118
-226
-401
-519
-673
-764
-797
-819
-745
-716
-624
-535
-428
-281
-190
-37
+49
+139
+198
+159
+166
+92
+82
+65
+63
+97
+39
+63
+23
+26
+63
+55
+98
+61
+91
+58
-2
-10
-102
-137
-228
-321
-415
-535
-588
-692
-716
-728
-747
-700
-704
-642
-615
-564
-470
-434
-332
-306
-241
-203
-182
-93
-103
-69
-57
-13
+23
+22
+103
+109
+149
+191
+181
+193
+137
+152
+108
+58
-6
-120
-159
-254
-299
-364
-453
-448
-476
-419
-394
-392
-392
-456
-426
-449
-421
-420
-466
-468
-531
-510
-514
-521
-487
-484
-425
-444
-398
-351
-323
-233
-226
-164
-158
-133
-105
-141
-85
-91
-84
-87
-147
-143
-232
-266
-329
-375
-393
-486
-490
-537
-533
-534
-557
-514
-521
-467
-441
-391
-315
-328
-269
-285
-260
-256
-311
-290
-339
-336
-344
-352
-319
-361
-321
-340
-299
-282
-297
-233
-239
-204
-193
-167
-104
-99
-52
-97
-152
-201
-299
-345
-458
-502
-585
-687
-755
-867
-925
-1029
-1092
-1138
-1180
-1146
-1153
-1071
-982
-900
-738
-632
-486
-428
-364
-314
-327
-285
-316
-303
-322
-343
-337
-392
-402
-471
-477
-465
-499
-462
-484
-463
-479
-513
-485
-515
-487
-517
-528
-550
-613
-615
-712
-739
-769
-798
-777
-830
-793
-815
-775
-708
-673
-564
-563
-541
-567
-613
-594
-641
-630
-653
-650
-630
-652
-619
-666
-667
-702
-724
-692
-721
-703
-763
-803
-820
-874
-827
-824
-782
-771
-751
-673
-659
-588
-572
-529
-464
-443
-396
-440
-459
-515
-582
-593
-662
-664
-701
-710
-717
-762
-706
-707
-680
-681
-723
-737
-810
-789
-795
-818
-798
-838
-794
-827
-814
-806
-838
-844
-912
-901
-938
-935
-909
-930
-850
-832
-762
-699
-680
-589
-563
-492
-492
-494
-469
-478
-447
-516
-552
-601
-645
-624
-649
-629
-666
-678
-663
-714
-675
-703
-681
-711
-770
-767
-833
-824
-858
-869
-811
-831
-793
-812
-768
-696
-662
-579
-586
-545
-556
-567
-535
-580
-590
-665
-701
-748
-824
-833
-901
-877
-874
-861
-824
-839
-788
-791
-746
-705
-701
-652
-671
-647
-699
-760
-760
-770
-732
-771
-768
-742
-761
-756
-816
-779
-781
-792
-773
-806
-751
-752
-736
-714
-743
-691
-697
-677
-697
-761
-766
-843
-846
-905
-944
-994
-1099
-1115
-1190
-1223
-1276
-1292
-1259
-1277
-1232
-1217
-1132
-1050
-1022
-930
-916
-861
-831
-793
-705
-697
-634
-651
-634
-646
-696
-673
-694
-658
-642
-634
-598
-646
-617
-668
-702
-726
-778
-759
-801
-800
-822
-866
-882
-934
-907
-934
-927
-915
-924
-859
-863
-829
-818
-819
-770
-769
-701
-679
-652
-604
-604
-542
-542
-496
-473
-477
-417
-427
-402
-432
-449
-478
-549
-550
-632
-668
-724
-796
-780
-851
-836
-884
-904
-896
-918
-884
-923
-907
-895
-875
-815
-838
-794
-808
-817
-787
-799
-719
-702
-658
-656
-655
-602
-605
-567
-574
-602
-600
-640
-611
-652
-659
-671
-708
-671
-719
-685
-696
-704
-720
-779
-778
-838
-848
-857
-885
-885
-942
-912
-951
-1003
-1014
-1075
-1062
-1075
-1056
-1033
-1020
-950
-949
-844
-784
-709
-610
-607
-542
-538
-486
